13700003
13700052
13700056
13700058
13700065
13700075
13700076
13700077
13700090
13700092
13700095
13700100
13700111
13700117
13700120
13700123
13700125
13700126
13700127
13700128
13700129
13700136
13700139
13700160
13700161
13700163
13700170
13700176
13700180
13700192
13700197
13700213
13700216
13700220
13700223
13700225
13700227
13700229
13700235
13700248
13700249
13700270
13700272
13700280
13700282
13700286
13700287
13700295
13700298
13700300
13700306
13700310
13700319
13700326
13700340
13700342
13700343
13700345
13700350
13700357
13700360
13700362
13700369
13700370
13700379
13700397
13700399
13700402
13700417
13700427
13700428
13700440
13700446
13700460
13700462
13700463
13700475
13700483
13700489
13700490
13700498
13700513
13700516
13700519
13700529
13700548
13700549
13700551
13700582
13700597
13700607
13700612
13700616
13700621
13700629
13700631
13700637
13700641
13700648
13700657
13700675
13700678
13700689
13700703
13700706
13700717
13700723
13700735
13700753
13700760
13700769
13700772
13700773
13700785
13700786
13700789
13700791
13700793
13700798
13700802
13700810
13700813
13700817
13700820
13700821
13700825
13700832
13700843
13700853
13700855
13700870
13700871
13700897
13700899
13700906
13700931
13700945
13700951
13700967
13700970
13700983
13700996
13700998
13701003
13701005
13701011
13701016
13701020
13701029
13701030
13701047
13701059
13701075
13701085
13701087
13701103
13701109
13701118
13701121
13701132
13701141
13701149
13701152
13701158
13701167
13701170
13701175
13701177
13701180
13701196
13701202
13701218
13701226
13701236
13701243
13701247
13701250
13701268
13701269
13701270
13701272
13701273
13701276
13701292
13701309
13701310
13701313
13701317
13701319
13701320
13701321
13701326
13701331
13701343
13701350
13701359
13701362
13701390
13701405
13701408
13701426
13701430
13701439
13701441
13701445
13701457
13701459
13701469
13701470
13701477
13701478
13701487
13701489
13701492
13701499
13701500
13701511
13701517
13701519
13701528
13701530
13701531
13701537
13701538
13701556
13701566
13701568
13701569
13701579
13701586
13701587
13701599
13701601
13701605
13701616
13701618
13701622
13701643
13701648
13701655
13701660
13701662
13701665
13701669
13701672
13701678
13701679
13701683
13701726
13701740
13701755
13701760
13701767
13701773
13701777
13701782
13701791
13701795
13701799
13701805
13701806
13701810
13701816
13701822
13701828
13701841
13701892
13701901
13701906
13701909
13701910
13701931
13701936
13701949
13701951
13701958
13701966
13701969
13701971
13701983
13701991
13701993
13701997
13702003
13702010
13702027
13702029
13702035
13702036
13702052
13702065
13702070
13702072
13702075
13702082
13702089
13702091
13702110
13702120
13702127
13702155
13702158
13702159
13702165
13702166
13702171
13702180
13702187
13702195
13702202
13702206
13702212
13702219
13702237
13702247
13702248
13702249
13702253
13702261
13702301
13702315
13702318
13702319
13702322
13702326
13702327
13702337
13702338
13702340
13702351
13702361
13702369
13702372
13702373
13702383
13702389
13702391
13702401
13702405
13702408
13702410
13702416
13702422
13702426
13702431
13702446
13702449
13702457
13702469
13702470
13702480
13702485
13702491
13702499
13702510
13702518
13702519
13702529
13702537
13702541
13702557
13702558
13702563
13702567
13702569
13702577
13702580
13702582
13702598
13702605
13702615
13702616
13702623
13702630
13702650
13702677
13702678
13702680
13702681
13702705
13702711
13702715
13702716
13702721
13702737
13702745
13702746
13702748
13702763
13702788
13702789
13702791
13702800
13702802
13702807
13702809
13702826
13702829
13702838
13702842
13702849
13702850
13702853
13702855
13702856
13702857
13702860
13702863
13702865
13702867
13702868
13702871
13702872
13702876
13702877
13702878
13702883
13702885
13702892
13702899
13702900
13702910
13702911
13702915
13702930
13702932
13702938
13702941
13702942
13702950
13702965
13702966
13702968
13702976
13702978
13702980
13702982
13702986
13702990
13703005
13703011
13703013
13703015
13703023
13703045
13703062
13703075
13703077
13703092
13703103
13703110
13703115
13703121
13703126
13703129
13703130
13703135
13703137
13703140
13703142
13703156
13703157
13703158
13703167
13703182
13703189
13703190
13703191
13703193
13703196
13703198
13703199
13703201
13703202
13703203
13703205
13703206
13703227
13703243
13703260
13703269
13703270
13703273
13703280
13703282
13703290
13703293
13703299
13703300
13703309
13703313
13703317
13703319
13703363
13703386
13703388
13703389
13703393
13703396
13703397
13703398
13703399
13703400
13703401
13703403
13703406
13703407
13703408
13703409
13703412
13703415
13703416
13703423
13703426
13703427
13703428
13703430
13703431
13703432
13703438
13703441
13703445
13703449
13703450
13703456
13703468
13703470
13703471
13703475
13703477
13703479
13703480
13703482
13703498
13703499
13703505
13703506
13703535
13703539
13703546
13703549
13703551
13703552
13703560
13703562
13703582
13703597
13703598
13703601
13703611
13703621
13703622
13703623
13703628
13703631
13703635
13703658
13703673
13703675
13703677
13703682
13703686
13703701
13703712
13703735
13703739
13703740
13703743
13703751
13703763
13703767
13703768
13703770
13703772
13703773
13703775
13703788
13703789
13703793
13703797
13703828
13703829
13703840
13703846
13703856
13703857
13703858
13703859
13703861
13703862
13703863
13703866
13703869
13703870
13703872
13703875
13703877
13703881
13703882
13703883
13703885
13703887
13703888
13703890
13703891
13703893
13703896
13703900
13703901
13703902
13703906
13703918
13703925
13703931
13703932
13703933
13703937
13703940
13703947
13703958
13703971
13703973
13703975
13703977
13703979
13703980
13703999
13704000
13704001
13704006
13704007
13704012
13704016
13704019
13704020
13704022
13704040
13704042
13704043
13704045
13704053
13704058
13704061
13704062
13704070
13704073
13704075
13704082
13704085
13704087
13704088
13704096
13704101
13704102
13704103
13704105
13704110
13704113
13704117
13704131
13704168
13704176
13704182
13704189
13704191
13704193
13704197
13704199
13704205
13704207
13704209
13704210
13704212
13704226
13704229
13704236
13704237
13704240
13704241
13704243
13704245
13704247
13704249
13704258
13704263
13704275
13704276
13704283
13704288
13704289
13704290
13704293
13704313
13704321
13704323
13704326
13704327
13704331
13704339
13704340
13704346
13704352
13704358
13704362
13704366
13704372
13704375
13704378
13704381
13704386
13704387
13704395
13704409
13704410
13704411
13704413
13704429
13704430
13704432
13704433
13704435
13704437
13704441
13704442
13704443
13704445
13704447
13704448
13704450
13704451
13704452
13704453
13704455
13704456
13704461
13704466
13704467
13704471
13704473
13704477
13704486
13704496
13704503
13704507
13704512
13704515
13704523
13704529
13704530
13704532
13704535
13704540
13704541
13704542
13704550
13704553
13704555
13704556
13704560
13704563
13704578
13704579
13704580
13704582
13704586
13704591
13704592
13704596
13704606
13704607
13704608
13704619
13704620
13704621
13704628
13704630
13704633
13704638
13704642
13704648
13704649
13704650
13704661
13704662
13704663
13704680
13704707
13704711
13704718
13704719
13704721
13704722
13704723
13704725
13704726
13704742
13704751
13704817
13704831
13704839
13704840
13704850
13704852
13704869
13704870
13704873
13704883
13704887
13704888
13704891
13704893
13704898
13704899
13704906
13704912
13704913
13704918
13704920
13704928
13704933
13704949
13704951
13704953
13704967
13704970
13704981
13704991
13704998
13704999
13705001
13705005
13705006
13705036
13705038
13705046
13705049
13705069
13705075
13705077
13705078
13705080
13705099
13705116
13705138
13705156
13705165
13705166
13705170
13705182
13705195
13705229
13705231
13705242
13705247
13705271
13705273
13705278
13705291
13705303
13705312
13705313
13705317
13705331
13705336
13705342
13705347
13705349
13705357
13705358
13705359
13705366
13705370
13705375
13705380
13705388
13705389
13705391
13705393
13705395
13705398
13705430
13705509
13705511
13705518
13705553
13705596
13705603
13705608
13705616
13705620
13705627
13705628
13705632
13705651
13705655
13705657
13705660
13705680
13705681
13705709
13705721
13705722
13705726
13705742
13705743
13705757
13705760
13705766
13705771
13705772
13705793
13705807
13705862
13705865
13705881
13705888
13705895
13705896
13705897
13705899
13705903
13705911
13705919
13705920
13705933
13705939
13705947
13705950
13705951
13705959
13705960
13705967
13705969
13705976
13705977
13705978
13705993
13705996
13705998
13706003
13706007
13706017
13706023
13706046
13706060
13706061
13706072
13706073
13706076
13706078
13706079
13706085
13706086
13706089
13706109
13706112
13706140
13706149
13706150
13706155
13706157
13706172
13706210
13706220
13706225
13706226
13706227
13706228
13706232
13706250
13706270
13706271
13706281
13706311
13706320
13706323
13706330
13706332
13706341
13706356
13706357
13706358
13706363
13706365
13706372
13706376
13706381
13706389
13706405
13706412
13706421
13706422
13706428
13706436
13706453
13706460
13706472
13706475
13706482
13706486
13706491
13706492
13706501
13706502
13706507
13706513
13706521
13706542
13706547
13706553
13706555
13706577
13706578
13706585
13706588
13706605
13706622
13706627
13706647
13706685
13706687
13706720
13706722
13706723
13706738
13706766
13706768
13706772
13706788
13706803
13706806
13706815
13706825
13706826
13706836
13706838
13706840
13706845
13706848
13706849
13706853
13706868
13706872
13706873
13706886
13706889
13706891
13706958
13706977
13706995
13707002
13707003
13707005
13707009
13707011
13707017
13707023
13707026
13707027
13707031
13707037
13707040
13707062
13707070
13707072
13707073
13707102
13707105
13707108
13707137
13707169
13707179
13707180
13707181
13707196
13707211
13707220
13707223
13707226
13707239
13707241
13707267
13707276
13707280
13707293
13707327
13707330
13707340
13707345
13707385
13707387
13707399
13707405
13707423
13707428
13707447
13707449
13707459
13707482
13707483
13707486
13707502
13707505
13707508
13707511
13707515
13707533
13707552
13707562
13707563
13707565
13707598
13707607
13707610
13707619
13707630
13707637
13707640
13707655
13707665
13707668
13707673
13707700
13707711
13707720
13707721
13707729
13707730
13707737
13707739
13707746
13707749
13707753
13707782
13707803
13707805
13707809
13707810
13707811
13707816
13707818
13707840
13707841
13707857
13707913
13707920
13707932
13707966
13707988
13708030
13708039
13708049
13708123
13708126
13708143
13708178
13708181
13708195
13708207
13708216
13708229
13708250
13708333
13708343
13708379
13708389
13708410
13708451
13708458
13708526
13708567
13708746
13708797
13708861
13708863
13708876
13708937
13708991
13709012
13709047
13709139
13709148
13709152
13709155
13709170
13709201
13709203
13709223
13709268
13709269
13709279
13709299
13709308
13709312
13709379
13709527
13709538
13709619
13709653
13709726
13709758
13709781
13709825
13709833
13709840
13709888
13710052
13710122
13710151
13710312
13710317
13710395
13710438
13710457
13710530
13710547
13710592
13710607
13710610
13710648
13710650
13710663
13710707
13710739
13710791
13710855
13710968
13711006
13711009
13711035
13711111
13711136
13711169
13711170
13711192
13711223
13711257
13711288
13711396
13711453
13711571
13711597
13711615
13711677
13711912
13711948
13712041
13712043
13712047
13712061
13712079
13712081
13712085
13712089
13712092
13712187
13712189
13712201
13712216
13712243
13712255
13712283
13712289
13712290
13712297
13712298
13712301
13712306
13712368
13712383
13712403
13712405
13712445
13712455
13712462
13712468
13712471
13712473
13712481
13712512
13712543
13712561
13712567
13712571
13712575
13712576
13712586
13712605
13712617
13712627
13712647
13712668
13712669
13712676
13712722
13712759
13712760
13712765
13712799
13712805
13712811
13712818
13712846
13712851
13712853
13712900
13712901
13712927
13713046
13713071
13713166
13713227
13713261
13713356
13713379
13713405
13713408
13713421
13713436
13713437
13713441
13713453
13713478
13713506
13713510
13713531
13713555
13713580
13713620
13713632
13713642
13713643
13713651
13713673
13713715
13713716
13713721
13713749
13713753
13713776
13713787
13713835
13713836
13713847
13713856
13713863
13713893
13713901
13713907
13713912
13713915
13713939
13713941
13713950
13713952
13713960
13713972
13713985
13714040
13714057
13714063
13714069
13714091
13714115
13714119
13714132
13714145
13714153
13714158
13714160
13714166
13714167
13714177
13714179
13714191
13714199
13714210
13714221
13714229
13714243
13714253
13714262
13714263
13714271
13714275
13714283
13714285
13714293
13714303
13714320
13714323
13714325
13714330
13714369
13714372
13714381
13714388
13714399
13714409
13714417
13714422
13714429
13714431
13714441
13714442
13714443
13714456
13714460
13714462
13714476
13714485
13714488
13714505
13714511
13714512
13714533
13714535
13714539
13714540
13714546
13714556
13714561
13714590
13714601
13714603
13714606
13714607
13714616
13714621
13714629
13714653
13714658
13714661
13714667
13714669
13714670
13714675
13714686
13714723
13714740
13714749
13714751
13714752
13714756
13714758
13714761
13714770
13714779
13714781
13714786
13714817
13714837
13714961
13714989
13715139
13715142
13715153
13715157
13715179
13715192
13715193
13715253
13715257
13715259
13715316
13715327
13715386
13715410
13715471
